198
0 13
88544 1599 96767 30723 82022 91997 6990 94356 45948 4346 70546 94192 45608 
1 19
13706 88985 4770 32904 36109 57868 54693 50324 4989 94334 81515 89494 43193 26185 75323 51943 22277 64718 30294 
2 18
81874 9041 11192 85500 86566 70281 96619 70856 59105 29805 16023 88815 2833 35387 7100 95109 81548 99122 
3 14
73436 92770 6008 68679 75988 1441 28715 23414 43193 4982 93556 19769 54205 49233 
4 12
7431 7521 50423 3437 89089 14116 24927 75782 16808 39112 84490 88055 
5 16
85820 41431 48874 90613 70553 98759 86009 34776 62891 69906 30091 14459 83777 47081 32713 31929 
6 15
1006 76032 40065 52588 27549 7756 92011 76192 8469 27899 78614 32000 2535 46 47182 
7 20
50744 90821 37266 87022 63360 84296 17095 95812 71696 12603 21142 32082 40419 37092 70688 79184 27984 22656 47086 37050 
8 12
16557 28843 26670 29784 55075 9995 6488 44699 82683 53591 47723 71854 
9 19
67053 83907 83380 21205 72742 31528 75171 15538 51373 23584 18888 38744 73654 91115 95375 35949 32264 64402 90178 
10 10
14256 12532 77591 24649 38822 25447 40578 2967 36199 42576 
11 18
67649 83794 77382 58221 82602 74826 46556 73881 29132 4869 8607 87231 51837 38257 70210 97198 36879 27005 
12 13
3072 79461 4986 74644 34570 37212 19620 42296 20226 14869 16384 23189 45929 
13 16
19001 54831 65060 90680 292 14748 59458 80593 22579 46105 84405 33975 25167 80223 92709 34910 
14 16
42278 12947 36842 55357 46235 7166 24976 33620 10793 70476 29824 27676 92796 79169 86966 57106 
15 14
81548 1051 59740 17745 21436 23394 17740 29618 83108 2196 8913 34990 97244 12330 
16 18
21273 69365 45060 78933 46212 66289 65538 31044 80933 19163 12081 79317 14484 46573 45051 86246 59477 40720 
17 11
72496 55850 25571 96442 260 7594 29228 44591 16957 51970 45853 
18 14
75224 29586 98878 64396 69057 35169 80302 56601 74125 74997 52395 52255 55842 73308 
19 20
15417 2596 33832 59697 62074 77516 84845 82303 289 84320 41297 10987 54031 31923 57153 50289 53181 53043 45938 34109 
20 18
56269 68344 79689 46404 45286 70902 88220 82710 17453 83263 54112 6642 54544 92494 99671 21904 37314 60514 
21 11
90246 64318 26628 3458 49514 47189 81905 12966 68435 35891 12190 
22 12
2491 61262 22817 75945 52246 44960 72092 28374 93602 82315 82744 92610 
23 15
98955 33117 22914 74428 51430 37676 33589 89639 21213 26113 41636 47054 79922 26317 30360 
24 20
38835 90615 46741 79114 51615 46348 88984 1864 480 264 68370 44558 29104 47774 33209 62132 17724 37301 77741 67938 
25 13
31263 5898 60620 87786 87370 14449 26816 97951 8959 69060 79583 16523 28562 
26 11
21296 36834 38644 31193 89591 79353 18513 57812 28825 33647 55793 
27 11
60124 28774 47183 26450 6037 68826 60997 16616 4210 31660 62977 
28 16
90587 78067 31037 85083 8020 3516 60398 73030 4431 95507 93781 4816 6372 89282 97303 15591 
29 18
55674 33042 77350 97733 66311 68691 68449 77682 93750 80009 33336 69534 12708 23600 99675 50056 80532 69361 
30 10
56455 79533 8490 2933 82894 38354 20501 60328 77688 18368 
31 14
51917 79809 27105 17547 82457 54387 22987 93376 72520 81525 41476 76529 13425 62359 
32 10
50751 60474 20014 90270 80734 97929 34352 38606 93731 41228 
33 13
69331 21653 68835 30297 67446 52455 65864 16578 37618 34019 92382 14856 79505 
34 15
34868 88521 66243 89682 54026 78776 94768 22903 83619 6351 97750 95869 58167 37051 27800 
35 10
23008 39949 17816 45746 34846 16035 52920 38402 7718 14697 
36 20
77963 25237 2357 95899 99914 26656 73880 59274 46868 35593 19921 63319 38217 78426 18738 43003 30060 89878 26631 99462 
37 15
72136 35308 49544 75287 23993 27304 51214 45921 5214 87774 72497 56840 84584 47505 48474 
38 15
8915 10335 97654 51190 21305 734 40728 5620 21768 42521 40183 96167 45134 61902 92416 
39 10
40361 80241 51883 70955 52877 83488 6160 75554 81581 42324 
40 18
54819 67314 54496 2214 48977 10041 2068 36966 72243 80961 18317 35481 55044 96238 56150 32351 71595 74784 
41 14
45821 7546 55220 23935 3373 94664 48005 81687 12876 86914 48148 14650 96798 98655 
42 15
72038 75269 29654 4919 37126 75467 5504 93173 83940 89954 8725 27005 64401 65467 10211 
43 14
84351 84667 76079 85041 40922 54371 1300 5579 17070 28951 34357 80189 12029 39292 
44 10
70619 47089 55186 68663 5774 42293 41077 99995 44184 42450 
45 19
48669 21814 75469 85937 54179 26758 57568 93604 4932 64975 48991 70497 10583 5047 20500 74095 98809 58149 98282 
46 12
10254 32725 96398 60840 2364 49565 1130 74102 86148 70560 17495 91066 
47 14
2269 13740 82166 73541 40678 37406 31594 56843 27863 20888 98468 13417 75264 88949 
48 13
23765 67080 18532 60186 97064 20457 36919 54540 58936 22992 83383 35013 25194 
49 16
81299 26899 54114 35301 26234 79071 88738 50600 40180 91945 11201 3282 88974 99402 70836 85191 
50 13
10110 41246 25630 61638 68416 39797 16855 75002 18611 17550 29395 42774 84778 
51 15
86536 80425 44207 21756 7612 41132 29380 84968 45737 46326 56863 30233 24139 94821 1232 
52 19
42359 99295 82886 36808 97618 79233 81158 78912 66143 47297 81132 58568 18026 27381 58885 83658 79254 97294 69736 
53 11
56156 42293 45897 67042 70968 19871 1061 60488 2478 27198 61098 
54 16
52778 50638 72890 97254 84312 25896 16396 42403 13920 67037 30585 49211 66803 1443 24468 81349 
55 20
26334 95128 37240 86566 54182 88101 68662 2612 13647 34149 12794 88825 30150 79878 2172 52714 30930 44334 49673 462 
56 15
38063 1975 84270 5487 73146 98966 50165 41258 44576 73709 10723 28047 80656 23611 41616 
57 15
8335 65665 64713 38013 94422 86607 45617 61102 4593 51330 14344 28989 73651 15748 8238 
58 15
29746 26116 92131 54095 20337 45516 76612 17962 86222 38991 82981 44540 94469 73007 4043 
59 11
31352 25403 11293 67259 31042 92948 50747 93898 31296 87610 26167 
60 18
48671 69273 94087 40806 8637 17013 70657 5240 72477 59363 56812 5746 52034 49316 28871 82467 46319 83752 
61 16
22628 99911 270 26630 78493 83635 4280 38128 17897 91850 74641 10448 91434 81777 30734 26401 
62 13
33960 32276 34883 24209 50167 50224 65506 19676 74295 88391 55153 38034 25446 
63 17
30165 55968 88126 28879 33416 16242 25965 57221 25008 77140 34920 23223 21716 63248 92940 93113 45240 
64 12
13012 60409 49651 71728 60687 96345 63368 67599 25621 76638 24964 11463 
65 14
57220 53992 38890 36630 24590 18896 17981 44760 90454 59303 38511 57130 21926 4722 
66 15
72416 55593 70205 49758 22348 77667 11335 26607 69045 56934 83824 13197 54391 15998 61868 
67 20
97380 43532 80138 97315 10379 78606 13875 29957 53171 66461 96609 19160 23088 17819 38474 3776 43389 70823 56251 8420 
68 13
35280 94481 5298 85163 8566 73468 79229 57548 31459 10197 62543 33438 66584 
69 13
61912 84681 65739 68154 11810 51531 5808 24952 61389 86023 52387 35067 92147 
70 10
26928 29436 9993 23731 64567 31812 83527 6291 71576 76432 
71 11
48167 39726 40430 62816 70663 74881 85486 75600 65594 6349 75318 
72 19
91093 48253 54942 46450 91784 59615 38635 52737 60433 78903 63639 4102 89314 16099 12452 86298 4881 11162 17698 
73 11
88601 92750 20938 76043 82289 78262 22148 69928 79103 30379 61346 
74 13
56128 1629 99556 67280 17935 20945 65769 11804 36552 52742 47298 34196 42042 
75 12
65236 90752 43815 45665 80304 28823 28878 92243 43652 19632 22522 72551 
76 17
7302 98446 36898 66622 42055 77142 54818 21821 91509 95928 99304 81635 46769 1634 19617 71229 67143 
77 16
69743 26220 73982 95141 79616 70261 11143 11920 81909 45201 96432 3940 44790 94272 65743 56177 
78 15
7306 74517 51814 5862 20552 25169 17734 25401 6719 54051 53971 14333 53839 12249 43271 
79 13
5547 92238 3069 40712 34003 17409 9743 20294 95827 75224 81522 68010 15601 
80 17
12030 95825 46439 80494 13772 37071 37356 46553 5458 92650 81956 94117 96285 67483 96007 17457 22662 
81 12
84897 50496 44840 10508 36541 40496 62136 31915 46586 13133 50891 83633 
82 18
48886 99404 7065 31572 22224 14052 48471 19844 63147 75523 5893 56986 13415 29937 21704 80234 58931 35441 
83 15
31628 83179 28287 17989 41578 72666 85294 65409 20825 96069 43912 73003 80483 68141 13463 
84 14
82077 45810 33692 58794 90842 41018 82737 18411 90880 71298 18348 90543 37440 37438 
85 16
15863 31742 77360 6616 19037 88729 59997 64587 94608 53981 83166 89512 53643 70641 92115 86169 
86 20
7112 16121 62883 41539 96175 85049 49254 40976 42084 7957 47605 43935 72443 10795 92133 99786 36423 62817 25588 3767 
87 17
98047 41079 50554 5534 44709 28830 71808 2467 25699 78681 27257 21592 85988 34907 98751 57561 50480 
88 20
13921 83687 2478 85299 64710 83567 30039 92257 42841 16584 8235 96717 87879 71517 9925 16004 95943 15842 28074 26920 
89 20
72340 29904 44708 93351 66447 19047 88628 28626 70486 98228 18455 39105 19252 72941 75415 32438 5836 43448 82939 74429 
90 18
83735 72951 95721 37135 37417 47964 95653 40872 65404 9142 1478 84496 52541 20587 30424 23367 64411 74876 
91 12
71046 55882 4615 62289 38927 64959 23080 70086 94831 65828 45233 88836 
92 10
23932 57354 9131 42710 73669 37274 87154 33545 76538 20672 
93 13
84902 66888 99230 75812 96941 28596 24351 4096 35757 27779 15573 65081 75406 
94 10
55136 49421 30997 63335 87974 20853 77339 10541 50346 25513 
95 16
12691 60413 13609 8874 50831 33411 58970 28427 56045 7894 18287 19764 82406 73754 40182 39472 
96 10
17801 89929 28444 70781 64405 75670 47636 18674 98580 23281 
97 17
27478 58859 43486 23593 51358 7252 245 99357 66523 2920 82800 89792 38272 17919 47920 68520 51506 
98 19
74203 13795 55650 91507 6296 12862 72853 46925 64688 70163 42700 96616 4622 6464 3001 73377 63141 26827 13143 
99 19
82110 67664 3713 72002 31486 60018 50722 81800 3811 86942 25149 89918 26327 44803 13297 95493 29369 18402 26285 
100 12
71020 32900 29372 25238 97288 73596 67960 36106 74537 67697 31311 20998 
101 16
58595 25582 43781 34930 69032 77210 32249 54173 73147 20446 16959 18985 40385 78088 95514 70616 
102 16
19152 52354 79514 98603 11885 85069 35003 14504 53568 8585 19046 35456 7711 53312 98585 99980 
103 10
76913 69443 71029 46225 3032 97035 37898 5350 46425 45409 
104 18
44000 10565 40195 99872 25835 1385 34586 8094 4844 71482 33150 91304 22166 25130 8280 57272 465 29800 
105 16
55294 48768 78249 52938 51447 24002 44148 10607 45152 26600 68037 64936 95504 86995 94910 88984 
106 15
58193 41833 69932 13369 30504 55820 23403 48513 27316 91734 59881 3165 6056 35643 20920 
107 14
61850 2626 321 50847 33607 13672 92509 11429 11806 18315 52031 82899 79550 48205 
108 12
69831 8632 8220 32057 78709 14480 40746 56137 24025 41571 78876 40430 
109 17
28527 80047 83469 14563 10753 78690 6688 96201 36814 99720 73208 31234 53431 1127 44771 6005 36017 
110 14
18974 34514 18543 55957 73627 58455 12100 56354 60416 58432 88693 89159 7453 58343 
111 14
15253 8792 38153 45472 79430 55457 40466 70445 1692 61427 20320 1559 97759 78382 
112 14
17832 41452 63369 80378 77268 91132 57312 80573 52160 72141 70867 44301 11114 41284 
113 15
30326 68216 35056 54612 16236 42133 75868 2276 44803 93279 8503 9627 49465 90830 77780 
114 19
7639 92495 55582 83346 59624 88823 95957 14111 54042 8251 41848 90368 14525 50222 98444 74510 88592 29038 32683 
115 10
96238 55235 58775 60419 50746 76397 5443 99249 15264 44635 
116 12
87578 20463 44003 39838 73207 35172 17844 1333 17924 90934 90103 36649 
117 12
77041 60073 1511 84600 5922 77801 77334 47988 67040 70006 650 25033 
118 12
25685 37300 82617 68736 12280 53367 10454 11010 64898 38829 35787 30661 
119 10
91459 59319 91944 14639 72291 86752 76328 88914 54033 40858 
120 13
75472 49381 87492 66258 91445 12429 75512 49199 86511 75355 65040 27146 56191 
121 13
55971 10942 33377 43329 49864 7974 74932 51179 11099 82704 70547 19182 94287 
122 10
47800 22078 98090 12344 70053 78834 37843 89613 55902 13385 
123 17
50208 10348 15639 93122 7972 67345 22966 56091 36267 18576 28135 58430 72176 52104 20738 41563 18185 
124 20
98554 19998 73992 1761 24621 59965 42217 95809 14797 15396 14060 85089 61355 22781 24050 27245 50535 15639 72008 90452 
125 19
656 52647 36357 11494 5506 27867 17310 25834 24320 45043 98081 42699 35507 61022 24555 33912 13083 11431 38475 
126 13
80486 89595 81361 60661 52847 82184 78172 60367 26235 28788 25398 66217 80097 
127 17
53975 61255 59620 20962 57584 94790 9848 36716 77830 10965 39249 18764 58210 18172 11703 38728 38323 
128 20
61270 25020 12263 1909 64844 76845 5254 23700 3846 91524 24791 75475 97901 80845 59641 70280 65396 39851 37425 52782 
129 20
33848 64007 36695 354 72054 60713 38127 1657 3088 80185 72361 57394 46338 37171 41535 99552 25020 79097 6860 21181 
130 11
87349 74051 18406 92828 15660 83421 78198 52276 78772 67453 23705 
131 17
28985 10950 79822 39690 46392 56828 34978 93985 85533 24483 76953 34517 10523 6272 72683 71666 72352 
132 16
92316 29668 92607 18120 74613 79832 10227 92123 93114 56716 45033 48109 31805 28635 18058 56677 
133 18
33453 74057 82122 12199 78260 33861 80314 45686 55070 12428 21351 86155 84646 7565 87782 49987 10438 91673 
134 17
9886 24980 403 67647 61847 74298 88870 5737 28793 95907 19313 41101 16075 64887 45846 47633 47729 
135 11
62166 5639 30895 29083 60779 3207 59512 35987 92939 54535 10386 
136 20
80739 82340 40032 56992 98607 58009 43787 77442 96918 13761 30890 91654 13762 89139 26421 71630 59229 44802 59705 62274 
137 10
57414 45131 49521 98310 32272 4851 50676 34194 98244 5902 
138 17
89877 96122 3257 17819 38349 89306 59784 9876 26228 82677 46999 71658 90963 1245 19494 19752 32701 
139 15
7340 35989 56343 4884 4072 46684 34165 87626 59816 78308 2234 12298 59516 29872 54397 
140 15
81310 15021 70493 49928 38144 10582 69001 63228 48853 81907 52687 52046 38510 2293 89909 
141 10
61373 27534 42032 33554 1616 52135 21027 11061 37098 84401 
142 10
25320 27708 69776 41397 44876 52504 29870 70926 23765 72905 
143 13
77545 83523 39825 2562 60993 12602 13638 279 66161 52677 66255 49036 5193 
144 19
68050 92868 36936 66224 48185 19783 98171 51871 82951 82815 44290 22337 81337 5168 431 90129 17601 74125 74147 
145 13
17792 2947 11501 91336 18171 34266 8761 42861 17911 28599 43739 83509 10017 
146 20
74324 31293 59664 25537 73002 90250 98354 32433 59044 93095 32080 78738 14602 55777 88980 49939 92092 99600 75714 73303 
147 19
88118 10586 52718 22178 14550 94927 37483 55169 19749 77014 35845 37898 63425 68662 85475 25669 53926 73296 37740 
148 20
39506 74244 87691 1799 80395 24662 95553 20919 58781 48041 31811 62178 54912 19015 29002 78251 36932 38119 73136 27152 
149 16
72293 95315 21703 165 91683 18366 33639 92056 59973 4532 37295 23806 13717 99669 98219 70882 
150 15
63625 33273 16000 78811 57972 17962 96450 48953 16788 93103 96729 7834 81884 4579 47914 
151 19
71319 51485 38722 32877 3581 79395 7135 90385 65393 45838 88713 71380 96716 51752 80806 8997 77181 52988 4080 
152 15
94552 20883 6495 79562 54813 7397 42955 53098 45217 99881 43075 97066 2597 19748 52014 
153 10
47900 85745 87655 16176 52957 12029 20927 14383 52612 79354 
154 14
79976 70841 63052 75769 67699 21049 61596 85080 81495 42915 5007 60864 53038 92325 
155 15
23530 78110 20637 74994 401 41601 95233 93499 40826 65765 9061 56899 35375 86273 77765 
156 11
20438 15885 47307 1251 42859 46885 54977 65197 73296 13469 36043 
157 10
50132 54386 28513 38214 93822 54832 82967 37367 76461 78510 
158 20
41869 74345 76297 18337 46500 40916 59994 9689 24685 93386 56358 51773 40091 7136 18840 59124 29961 37704 80158 54957 
159 17
38822 69649 17971 95085 42404 75694 75567 28313 17575 41696 74531 5647 1475 77305 34480 33318 2286 
160 16
11618 25390 51145 41226 48510 91727 18127 3242 12217 27664 95331 97339 71889 77017 90695 8044 
161 14
51466 49448 45777 96465 46570 79211 94943 81376 47263 98195 45963 45419 7448 58092 
162 20
63258 57980 25561 63503 3232 71675 21451 79103 12791 80156 89108 5420 36736 53455 68616 77681 57452 57419 20399 82818 
163 11
43547 66424 36018 56471 99041 18620 16713 49186 10060 4420 27393 
164 20
2822 705 72740 26313 55460 34476 17900 45825 78121 16202 57605 3057 72856 62079 53669 2451 42814 2908 50070 26042 
165 19
6338 51720 33518 71402 57068 37089 28355 77458 82111 76135 29967 78600 88798 91426 77356 78531 56855 70232 81958 
166 14
48163 45485 40694 91924 96961 80126 8073 94813 41074 99042 87242 13328 56389 89617 
167 19
9431 18981 91886 53815 28225 15259 81155 60871 72109 80055 3846 62572 82163 57990 35985 456 36303 45177 19274 
168 13
45973 83448 63287 14881 2077 36460 20639 92582 70949 52171 29298 58465 28552 
169 16
25353 79875 69006 82712 41858 64322 6516 24116 80122 89528 83015 88125 98095 34351 16510 11989 
170 14
66916 74964 86734 24541 91849 51364 31028 57246 258 38329 83588 41142 22060 80726 
171 18
83172 52473 43211 8249 46997 14190 96439 98551 19756 25686 77844 93834 28062 96480 6770 1041 76712 33601 
172 10
27524 31032 30433 9363 42999 59860 40484 70045 78037 94827 
173 15
10732 27094 55434 94245 42684 56740 38423 33992 58050 39340 61914 17147 26205 9252 29838 
174 16
41936 22431 12827 87113 3230 17473 54250 18357 69983 56952 57313 49199 7451 93915 2601 48836 
175 14
62114 91584 11424 87982 91350 74652 99355 75429 99140 36466 4931 95975 30966 77880 
176 13
71113 16998 10945 28722 2223 52991 19115 85538 16357 517 13606 73924 80255 
177 18
35086 38787 859 63728 68856 24856 32108 74013 95196 79625 86060 45612 58466 56541 58838 722 56212 41033 
178 14
22363 37052 20627 30541 52494 15008 7805 67149 35873 24744 48325 95541 15696 68949 
179 13
98043 90244 47874 19312 61334 26311 34322 19539 72636 2129 58435 21760 83024 
180 20
20863 65750 79716 53633 35394 71005 54866 31588 56086 3243 57753 52970 87213 862 22770 97815 75870 84541 98128 72660 
181 12
72058 9526 88702 33637 94684 97164 8538 50000 73019 704 45774 66738 
182 13
60370 68537 98462 52557 49280 35894 59234 39468 43591 84912 48312 23714 32343 
183 17
11152 43021 21933 22382 12614 16414 88463 95173 11397 58566 65872 57239 83777 13504 69806 49796 24770 
184 19
31799 56326 33542 21874 30330 66491 33259 33146 71043 80850 34924 64993 19888 98043 87278 41179 40236 69535 29786 
185 20
22544 23847 34603 1773 42303 68514 8286 1563 25879 23743 54999 18316 51679 23886 8393 20578 66884 92716 31531 59268 
186 16
35534 59043 88442 95871 23306 94298 9510 58615 38500 21969 9144 8967 62546 85818 20557 71948 
187 12
65305 83417 90225 1131 20996 71418 37435 2104 14574 8958 89318 16673 
188 14
85481 20310 98908 84003 44499 79917 82222 6047 85832 77152 89969 81597 47202 84319 
189 20
558 35951 66236 25200 46361 82215 75804 81063 67725 97539 88865 50049 83098 19259 59556 86126 19050 93551 97186 71241 
190 16
47240 467 40913 385 31629 8471 892 22827 43926 79368 47540 13152 38946 92682 72815 74195 
191 12
90844 13430 9025 81370 18918 29405 6969 65917 20994 96170 51104 68432 
192 19
98221 76387 53954 82040 75505 62194 842 90510 96130 31362 92427 19879 43949 3792 12389 50754 13411 35813 8270 
193 16
62625 1573 33772 15259 52786 33768 98527 39433 9885 77694 14292 82723 96349 24075 5101 23224 
194 16
87105 34945 82197 74088 49854 66598 30774 12702 9573 25795 86222 89950 28497 70160 43425 64388 
195 16
78402 69838 20739 73457 53204 12114 27035 43280 14697 78693 78761 78174 17296 40808 36881 60511 
196 10
83139 90527 66180 89215 13141 49095 5115 22238 33435 21560 
197 19
66822 97230 80152 38155 44601 66394 60766 59236 63467 15815 91460 28875 55961 27485 24851 90359 47884 10421 38453 
