36
0 344
46583 10284 22599 71970 2926 65856 6970 45572 34541 17983 18369 49538 81797 56271 71589 62860 89610 25355 44167 64658 39635 27615 65316 39496 79283 36490 44616 60041 50394 7072 88953 27933 986 81433 89497 6580 41328 87332 64075 31819 69055 38677 38880 71126 5683 74370 37940 52465 86636 17643 4731 38494 74650 71846 77763 83832 85925 41071 2407 4476 35444 25592 75985 50047 32003 29655 85368 28683 94965 9857 66827 93968 29628 83834 86342 41060 99567 96727 67555 63214 96284 98633 4290 28604 39973 6600 3313 80118 80191 43658 34505 96897 27998 49247 693 37925 15755 86227 37567 55913 54633 97495 77669 28322 19265 9441 43162 96360 71381 48125 23462 51722 80636 40061 42126 71844 62548 85964 70381 17880 90797 52050 74985 11917 32237 82801 39492 78361 12261 45410 40929 31633 79315 41289 35512 38069 46257 83655 73153 35197 93078 12749 58636 83315 70371 22510 92963 9027 48946 58955 76197 42434 96613 32267 2500 23954 21671 91648 50625 13975 1970 9591 7563 39752 42332 8351 8674 73775 52090 73467 10108 89603 45358 81264 14769 8930 7180 55326 99650 73947 28809 84991 7292 52583 35107 85336 37367 37116 47842 42800 79038 19369 8024 91345 45680 85867 86920 2846 18709 86242 5325 33315 85982 54534 89805 8602 26092 24972 99630 77738 60979 2797 44402 30262 52906 39198 1734 18088 35661 24867 5610 80160 44902 76166 50317 4328 23922 7481 36651 42557 29026 74784 4374 9069 42729 48814 3066 22260 61524 89917 40455 60944 98726 34373 63100 11007 3342 92730 32366 34608 31470 20438 59278 12286 38182 35983 95567 14100 80354 25685 80909 82252 77895 59703 386 75179 18877 62436 30623 72752 1177 75458 6973 27656 92397 6093 67516 42234 27863 29259 71630 50523 41469 25170 37903 67732 35319 26528 72715 30769 86413 45717 593 4113 85809 65959 52440 94267 2885 30407 84948 84835 20380 3951 97566 91865 11006 30475 65211 50872 12421 53706 50592 93817 56286 80650 63263 87833 22580 34352 54664 47044 84637 56984 74214 13782 67463 83261 59126 38183 62989 92380 53602 4213 43297 50618 64691 80092 43074 93442 20886 54810 53941 31074 
1 198
98117 75524 79850 76828 53069 21461 62374 76552 35066 31711 23877 96254 1960 37057 73235 70767 87615 98756 97712 49183 55946 61581 42666 60459 35533 82272 16145 67861 61705 7408 57438 52947 57306 88578 40927 64513 57632 86948 87749 24503 15231 73374 95948 19284 3018 50954 69181 92035 55396 16012 21107 78336 73021 87732 15937 59712 24029 66257 13488 13725 51653 69784 48013 10452 56547 23195 60341 41314 35715 35798 55647 62700 75417 42330 91338 94705 71124 38232 32973 52096 79187 83903 14717 89128 69916 30413 68786 10478 38415 90423 13998 34274 1185 32625 74509 19789 85084 86292 13436 6889 85784 5193 90038 74301 62250 15423 90396 35534 23237 27505 57528 23403 26773 29694 91067 19217 41761 33270 31419 75605 24778 60337 43618 52943 13602 10824 18233 59756 48266 38140 83091 57996 60042 88927 23440 9941 93856 65190 58707 56500 87553 42699 76801 20534 75393 6613 80360 23162 99581 16552 25098 19598 67569 8155 88218 34306 48091 3875 73416 2464 7488 80092 24512 52395 30904 12086 42013 7024 63867 78361 60662 73594 832 91011 28205 23528 15067 2566 49920 1635 87307 42548 99992 10004 45850 25444 98219 5029 47595 54078 48890 53667 10503 74637 49568 79553 23640 56234 
2 42
47713 20417 94531 29076 18725 92753 37448 3694 4797 63065 56751 81648 64189 22850 61729 57618 91892 25309 990 32282 15378 94929 94927 80013 40238 33458 28678 59076 80121 15822 18731 75008 9816 4967 73076 46105 7988 28336 31577 21110 20070 14231 
3 185
36011 46892 31701 63385 58824 87514 69366 63450 39813 94013 4881 47098 97814 90014 3913 90494 48184 56487 69807 70948 47794 66944 75745 53186 96644 39828 81436 26193 77519 78112 8942 26969 76760 58117 23950 13942 25519 87513 38462 39655 70842 79304 73244 70510 50474 98528 52580 21714 90680 55097 30326 18320 58139 23651 83844 28376 59104 18435 1469 40647 14897 72141 36739 53183 86163 44866 21401 46901 70338 4266 52315 10564 11871 27695 26890 18870 74867 59696 81848 72447 99512 40401 22184 88797 22656 48998 948 49150 87850 42853 53685 62311 83023 32012 53997 16250 39650 43921 94255 43623 47786 84925 80698 83200 86694 67278 70555 61196 36019 8781 58029 18629 57446 2276 80494 36400 2309 96300 77931 34155 32027 75513 11562 43648 76485 73536 34421 95504 7351 34664 39783 62651 89806 78961 32485 51839 73272 73038 33442 75469 15544 35424 6501 92895 68578 86356 4202 13966 19873 56796 17075 98855 61546 47721 40634 45548 98774 30058 33499 20468 83000 7882 84615 32854 73607 69625 81341 79197 17814 2672 65902 71185 58996 71705 61472 54841 71196 42871 30501 96265 28278 63000 16930 67232 28201 
4 179
60463 23915 44085 1243 78918 6657 57622 36693 31227 81530 77663 33038 15220 98134 40479 83748 72870 52516 53720 18231 84159 55623 26441 60572 53407 38343 35316 23847 27040 51306 68765 59920 26120 64104 65017 6229 10852 45420 2537 69785 52417 81223 87549 32554 30397 28093 39772 24421 55814 33565 96363 10034 840 18695 46124 61121 49125 68994 4527 54036 49016 37659 58864 96005 72212 97695 89665 63498 5550 50501 64825 53016 72329 65065 65502 79448 57862 42296 78370 88247 56745 45238 42005 52775 24235 51061 28713 23471 57089 63354 18127 60502 63226 26046 87507 9731 83196 87841 64173 44092 60058 13490 8059 46659 21127 83815 58414 8254 47456 29599 9401 64033 74405 3429 26777 869 74155 23119 48946 49849 92954 52979 26482 66572 37849 50626 10649 49715 98001 55540 7726 23155 25730 35212 67829 14317 37191 6519 65492 26783 22428 60389 56884 46915 13949 78410 20992 14177 85743 20045 39300 76258 19950 60691 9579 38375 53959 16477 68781 98807 17525 93217 78140 12604 33598 492 66392 61799 38881 22547 4502 25421 4796 74917 47477 89590 92909 71435 33914 
5 178
88 64685 32279 13450 22094 55727 46037 58087 62827 90347 75696 66082 83793 46401 56438 42785 23148 8447 507 89816 9291 42379 82927 22767 16934 88690 28799 7243 98808 40395 63209 14937 66117 9736 34822 67882 2438 93749 61437 54243 92001 43825 5022 2166 34392 12773 25605 68646 93128 24288 50653 38798 42461 99557 3302 99423 10151 85695 29524 58285 21427 51475 27963 3635 63060 66604 73849 49597 64549 12854 7558 98439 67591 99711 65143 99685 42010 6722 63711 4617 45137 44826 4830 83046 24214 56891 78509 89261 18381 42673 30969 46838 28813 76378 49802 10897 97144 49572 41604 17559 20074 69090 54185 58914 2861 59032 21122 22712 47342 85659 12468 41650 11923 17734 22140 65792 88535 29575 3940 85457 26231 6142 9964 34043 67607 33858 45273 1045 81438 8401 65616 33779 52335 70653 89836 2830 88902 31662 45639 5302 37178 31697 4561 98137 54132 65707 8312 66913 21011 60838 98381 2840 44977 72719 19965 21723 49347 3926 82621 10424 40232 40488 55119 30326 46159 18230 9417 17348 49052 52534 9589 8369 63062 30427 75990 66802 7985 45691 
6 168
83437 12574 80488 63824 87921 10714 35508 79652 55486 25332 14664 81603 76143 24706 50266 33047 54573 51312 40157 80000 81004 57203 25538 19230 70507 85864 14015 88097 40443 42397 15386 24981 28422 87458 4978 32966 54660 19403 85351 29611 54284 54985 91280 60964 85423 26704 85495 97551 40794 3455 4384 39759 67418 332 4267 38068 66305 71020 88161 68811 10992 56877 3230 77682 92884 92762 65382 22232 36321 82117 26159 73662 21394 363 32124 2519 63751 15694 48896 72932 83620 44055 51640 54432 6156 13876 52798 7032 19510 13812 47530 30410 18227 9934 14824 83342 85412 58647 66204 90005 71772 80634 54681 98325 51982 68549 38843 67278 59070 39137 33979 55748 31067 61652 95617 36020 12826 49681 87455 84715 38231 76920 71329 51790 47732 91970 25506 41072 91321 13179 77297 67461 83627 33175 1898 41384 74125 84607 27187 70121 42160 69579 42007 82612 7968 19913 43681 70964 97289 7115 3396 88117 58601 33228 91121 34345 7907 50711 1512 36648 66555 39258 98779 53373 75999 39325 25892 36480 
7 160
80107 20 95025 45419 30436 49120 98510 4759 33086 80887 23689 57120 81962 31097 67583 82057 4178 3684 70050 78467 14906 56691 68528 83629 37174 32755 71328 5438 93536 75688 88170 95126 82477 14575 10810 45936 8404 75210 15797 96980 4625 21637 24486 47904 25556 53235 43103 96460 18730 11081 36173 51594 95150 6381 91396 73471 23995 90064 49231 20035 57380 911 31801 38007 84630 21067 40956 86538 82338 49559 51238 7276 72984 88716 53956 44752 96985 24954 35358 70343 74027 70857 56089 80513 2595 89295 99380 92947 18983 69333 13721 92753 67809 23873 95139 47706 61185 26369 70769 55805 68369 11803 79108 4698 85854 77021 28078 41371 78238 28118 70880 95133 58708 71728 50642 598 41620 47178 87916 48248 99321 86948 92566 22124 90320 52899 95101 8748 42857 29958 24103 55610 80522 7992 83059 65072 64488 92979 36827 12230 23266 15406 14661 53571 34995 79896 33118 10684 98282 31007 37375 45381 26576 56231 71137 65487 38237 15829 43898 66005 
8 157
27595 72371 39466 83289 33572 3445 8510 81748 80950 20862 9192 78220 71153 5972 91531 85482 39194 12765 19155 8574 49588 16610 10279 99723 87892 45734 19239 93988 22213 76594 92552 56092 14488 64586 33673 45540 19114 65477 32821 12534 70189 8428 61140 86507 20552 59667 15658 21350 39124 52383 65614 59961 18285 7816 65890 5823 82814 52298 15304 64596 36146 7506 11321 2141 8074 49305 47073 5699 93859 9358 74056 3257 72437 26363 77062 14999 24469 86973 75917 35040 15766 25485 16991 35845 1721 14355 85564 64415 9777 32977 15701 8478 85146 96445 83340 29431 727 46588 91005 69720 831 54848 29423 84025 82276 80837 91886 69814 25830 76462 12858 49220 16274 40045 11391 53001 74005 78801 50147 95803 57382 20041 10019 95679 94047 27540 96462 10632 55954 86127 98198 9979 35733 94495 85049 54003 81926 4429 57625 89040 70346 25355 10885 91434 49999 25872 68899 31970 78291 77516 11993 54487 22564 49088 78369 96538 61218 
9 121
33749 75525 60314 2637 60031 82632 26493 30912 86349 14030 75633 48318 79768 87693 10018 37384 87159 22072 41680 34328 15266 51333 80867 57664 24507 13669 60835 36130 53130 82165 74078 34020 11567 5702 16908 49918 21884 87391 34007 37575 85594 23910 39295 93949 11281 57306 49508 36079 28593 85995 56859 37591 26265 67454 73792 84516 20547 48946 91316 27951 94359 94579 64922 21253 94373 56462 77792 440 55213 96945 59200 27808 93890 23941 27652 72772 92324 14719 73889 61098 61494 85344 21228 29982 54739 63129 35210 97043 61072 18195 71596 15585 89933 43302 15223 19615 48135 51351 75089 52267 31675 77799 97122 85627 62101 85938 79091 72000 34593 1156 87781 64720 70758 43622 2951 2360 774 18740 63906 98835 56608 
10 290
27934 10464 34244 70381 35616 71467 16674 15393 89175 32641 56866 7745 12367 99763 86457 56941 95392 33057 80465 14521 65059 18345 93354 91823 57206 15000 54338 82299 95868 36546 24098 14277 6760 53479 69463 2560 82781 54914 71504 14460 9377 5693 6100 74115 24704 57983 61731 62063 35421 39445 73155 30551 82184 5323 94605 84298 6244 55825 7905 77331 1156 47710 52874 89392 27602 90872 30056 94059 14129 37307 39311 14936 36905 78926 77984 10798 4383 18819 36378 96370 47643 28204 5672 46271 59430 85971 11785 77717 88287 22742 72441 92159 8185 32461 55333 50777 86369 87189 95090 40921 24233 95195 17268 87413 20172 6133 13511 97338 77921 32141 46702 25116 82922 68241 21920 78602 39951 15643 73539 42445 28920 32250 44113 4319 63490 76808 17005 46711 83778 61714 25871 77677 79570 75401 52976 2386 23646 20323 59708 95539 40175 12571 69080 24503 50120 79092 73426 84146 34368 70825 44803 59914 93106 75371 20330 21829 88031 15283 69813 53096 36277 30867 84675 75661 72225 15481 30304 84971 18732 168 40743 87125 99956 51570 21698 41947 56173 78016 43686 40416 82970 4788 37659 16027 99365 37446 20062 21832 13134 31076 7968 31674 4487 37929 50759 576 49365 50703 6953 25459 89592 70815 2912 43302 25194 2863 41449 34690 96873 18290 8978 47565 14238 98282 3424 67746 67275 30956 66271 70303 5869 28921 78842 25795 81003 67260 77415 38181 22591 84242 99291 22431 89342 64565 31629 19504 30987 39921 96730 91079 62015 36057 37524 14911 31021 74036 4906 38095 13326 1120 42803 25905 76430 16703 27716 49460 95714 12693 60939 96930 45269 93611 43383 85242 74469 64399 725 82823 3096 22745 94438 34993 10138 23021 1352 28298 84977 78267 46376 2141 30029 29734 83449 54473 45988 65552 3501 31669 578 59840 
11 137
34984 30696 19985 23577 36650 94426 4360 30217 1074 13738 19342 25619 98571 38673 26742 31793 16842 17743 13402 91273 50645 50145 3096 1970 81062 15532 43813 5515 94188 8146 69434 57350 10528 1279 28896 99116 76713 61983 14658 94540 91163 47674 17719 95079 23638 28829 6727 81996 83743 60192 4500 3393 97092 53316 95136 59558 67431 28377 4135 60211 40650 367 8837 95002 37238 5705 37765 38050 31320 42214 68614 71703 72150 71772 25518 90866 67071 86659 60505 18772 21057 47469 87112 54030 21883 87287 80182 53751 14483 31130 95370 1278 64604 95764 39635 26260 30135 4170 95242 1913 31685 10249 32064 88974 29777 4431 8180 82761 83756 450 77427 95909 45623 43971 63179 24790 17998 67194 45601 41668 54478 22517 24778 4597 43825 3496 9125 10652 7852 54003 23019 7704 82202 42613 5381 57651 76471 
12 132
46166 11953 40031 73482 59370 28904 3234 84383 78145 35323 39015 77212 2627 52251 34877 24226 35850 26929 42073 81461 24236 27824 92669 94042 45956 66803 17546 72475 26523 17505 13536 18702 86258 18645 96157 1596 11005 42185 20050 12653 55531 94665 11075 29943 78955 59422 16068 22712 8238 59516 20448 27526 41488 12401 91438 84538 76008 86185 22382 97984 35496 99599 82094 93630 3438 75221 57757 9445 96092 88178 95703 58150 24754 55510 18652 24487 28876 35649 65911 34953 23250 22008 71746 51197 56835 63863 69403 4059 68508 82603 1577 41439 36347 15874 53085 64181 86086 45091 93130 57836 13735 2587 68926 61957 26934 28600 89614 56068 51898 13553 625 4771 7790 13317 73408 68806 23182 66942 1400 99070 42682 15390 22798 70593 91667 42154 27916 857 90696 3859 18916 7159 
13 2
35977 27540 
14 236
52279 32151 32304 82209 80536 10758 94868 97984 11674 58813 42925 34797 76421 81065 88311 7037 31162 75399 55805 59446 87471 59028 94933 81309 15631 87911 78519 85613 23810 80194 97763 99615 87652 23220 13936 83364 31658 98994 23312 65720 67927 54737 50361 95293 84416 63256 76535 18337 59655 73060 54502 24302 2353 33758 33835 53915 47396 87647 42305 23641 66087 94046 60354 55925 23420 92125 33588 42047 5626 75829 22361 77617 93728 22127 71155 42180 76281 35789 7921 932 34082 29110 26848 12438 79791 28238 91104 4142 83438 89457 54578 51300 95407 34542 43834 40038 33545 61966 30268 15744 93886 92255 68440 67432 65273 49314 9458 57232 88799 71146 84351 28734 50183 31906 41865 58053 78510 68863 17850 83585 5231 4574 40959 55655 72351 69252 18808 68409 21383 21936 25632 55073 22302 81158 57606 14664 20473 17196 62804 11442 77683 37346 13938 1121 23181 32976 78237 48561 95454 22530 30992 12177 59559 61589 26901 68253 67345 92289 63971 79529 44847 88312 65062 50766 70400 71158 44056 1932 80469 35480 34264 10857 82653 94606 91649 46532 75463 5681 77785 82916 44853 93463 5831 90399 67660 73513 80442 53499 15272 94599 41117 69955 43241 22506 15094 14861 36066 3514 6390 8803 31886 84072 58826 80612 9050 27666 96464 47660 18503 19024 5651 5219 23509 61250 76627 74696 28804 6945 99604 24085 57773 26927 36802 63629 59831 21768 99389 19147 7494 48305 27838 51080 35945 38002 94063 62061 
15 52
10501 17290 87654 80815 71984 60303 52785 44833 72094 65137 99087 21254 18515 73713 23109 41329 26406 90172 64708 2377 95922 94771 17303 93042 72969 13566 38930 75048 76142 79324 89491 12479 11840 23511 62347 98349 37098 53039 14554 62894 4021 74080 96024 26991 21800 60533 5588 57642 66024 70169 9016 26268 
16 111
71389 32637 82659 2649 50870 4754 45330 89133 72968 96452 35385 25288 19076 66490 21298 74136 55402 24552 24811 13816 25040 72682 65674 91187 35705 67554 48308 41174 83817 67572 85771 69490 26822 17794 27143 9987 40472 59506 51764 56034 5383 77233 42799 32003 5382 62099 49223 23086 61158 80932 83712 28435 37738 11439 57798 89533 1537 3834 39836 50761 95170 62233 24036 17326 32554 52381 697 24457 59780 78569 90318 24576 85780 29411 13654 63113 70456 73046 50322 34547 65878 54085 39485 18378 54747 90599 86631 11584 90844 54639 11971 25049 41023 21156 63548 75544 76488 27498 7497 77383 4859 44663 36744 64760 66675 63060 53416 91339 2093 98910 16585 
17 204
73846 74398 73706 30762 63255 36466 10466 19125 47149 9711 200 93812 7985 18524 69295 59233 13322 84283 79981 63203 57262 62907 71088 42969 51143 97155 56608 16313 11596 87073 37637 51340 24675 73534 1208 35595 32380 87846 57031 48986 61109 30193 95571 34915 2110 23106 79528 94158 68406 7099 53715 53958 69861 51414 20392 8923 40771 43839 99972 93184 15212 76206 8856 94141 48275 21272 63434 56353 28504 45392 35411 88110 95859 23031 9113 66431 34900 64638 48214 56261 72401 82622 26856 33046 12761 37279 20101 83220 59391 92816 81937 43222 38879 43758 91946 18025 80649 838 25367 98799 43542 66108 40977 45030 77078 85888 51895 77331 37819 16466 99491 45956 62295 54346 64259 53834 21641 20111 63271 38975 13807 602 46116 41957 9494 44202 68736 4170 31964 3716 65942 42473 49423 97204 1075 79238 28770 66474 69430 24612 6625 48497 58810 44267 25555 61820 21609 78810 45690 96489 13287 41044 69844 81854 23586 45815 65911 74835 34249 29555 18883 30239 18906 4490 1640 24725 26097 22596 40695 72047 69707 61126 13041 34977 8434 4974 21007 7356 6462 12725 1676 36109 42214 40628 66025 89017 89776 28225 42387 44791 40780 14500 87792 64074 69785 19144 32998 88033 48175 95172 25223 13368 90822 41308 
18 192
76571 93428 76327 98376 15867 32484 41358 64859 18257 45342 20947 451 10678 22756 44156 87185 81574 92503 88777 66609 31028 82885 44328 47808 82373 10619 67386 87500 70635 45220 20132 42825 47697 70415 39108 65173 11364 75148 84011 99743 77529 25753 22954 4121 10582 90274 33717 79108 46063 96900 95419 63390 51739 81547 52222 67089 90932 87013 90390 36809 85923 61192 12435 63764 64905 48867 55367 74808 50478 76033 58378 20930 42237 15884 5589 17217 33725 29138 10774 11404 10395 51067 86040 80001 36403 93362 34407 69670 8859 5140 16663 56288 41815 98455 9347 45887 89899 3985 94175 50363 85811 27307 6762 38753 46832 16201 68306 89851 98401 94775 54784 50956 11930 92580 7441 47325 5147 42993 71205 31268 83669 69011 79560 25183 93463 68058 12079 80455 94241 33960 47653 25000 86279 12893 33253 56082 88846 25056 87547 31165 46012 2089 37535 3322 27732 24651 202 21127 75340 69205 71946 91465 80763 42396 18055 84571 56820 31166 25482 70485 48015 11122 31182 43966 36969 23558 73824 59095 22694 64212 19431 17718 59188 39900 13466 95798 68664 84476 76964 50977 81660 39250 66414 48407 54048 60162 60643 94650 3977 50271 95800 43994 
19 86
71426 63688 4657 2940 64358 66268 63198 66763 47584 63981 53001 42987 24320 52677 10007 46816 69719 25752 46764 71473 4516 8729 15465 15286 98041 29430 50575 30049 72106 11992 17596 95246 20972 85127 39170 32850 19488 93907 78143 11159 82994 82802 37716 5854 80365 89522 85170 98270 17647 97112 26691 83106 38027 23948 69151 43142 31553 36769 3765 19727 89849 34065 93016 18010 41835 82588 99771 68620 65820 25321 36727 64685 91105 19676 13489 53724 64410 5276 39467 86149 74786 23595 49230 64173 75726 54402 
20 79
81606 63348 35967 64941 25825 87542 39002 3932 69366 29644 90560 18899 5937 32037 99990 59069 69139 58321 16477 65474 36527 99801 43545 38404 43967 71038 88442 89564 38787 4692 19353 90448 44147 82664 80257 23524 2663 17539 34172 52172 65383 84463 59690 98826 4769 63287 40870 62935 23982 76311 15067 65339 40532 74009 44255 15157 52934 54109 51823 50403 74644 32866 35066 54671 17991 66616 46954 42763 63837 99648 13558 9645 38307 96970 78589 35147 58340 24686 29089 
21 152
39536 41718 21280 20655 8799 48360 90824 29198 33464 26677 17059 99979 71302 20251 76428 46321 42070 68189 90960 37701 49949 63111 3044 70749 18135 58756 92742 81066 76823 28138 46939 13321 58873 99303 8970 46208 59108 60909 30015 48137 4224 27585 23441 96616 72989 93343 95287 35565 52283 59462 5469 14131 39325 81906 54897 99692 15604 46246 97822 1183 16859 27488 6231 5006 43989 90943 5026 8107 19718 34972 7060 23317 50707 82344 35413 28540 51031 60502 48205 7574 87838 99931 40288 15820 70413 94387 94741 68562 10624 48518 47635 49916 3337 26379 81896 17715 92168 11337 9592 91218 87056 57915 33763 68085 77537 31083 21223 49258 27018 85025 44633 67994 922 2051 52511 55635 78193 23396 91234 88195 93407 39702 47939 3217 1547 60932 85588 50547 98718 92058 46596 7501 66644 59652 99579 83672 47558 23791 7644 30487 41346 1710 62828 55831 26496 89170 81065 44596 4782 99496 10604 97146 
22 74
22160 37724 9591 59066 63880 37057 66403 55801 360 72976 93582 53915 73075 47615 78551 62558 74946 79598 19992 6444 89869 68571 43224 33502 92131 35299 94509 877 48274 45388 64311 72845 83146 90606 77440 13841 19692 41473 11993 87279 90851 5136 76276 16079 59609 35631 71506 10696 25664 417 23558 23947 30068 54062 41181 48517 68282 10662 13565 85104 2317 78358 53624 47301 91037 88849 26838 58095 86714 13093 66770 41008 48236 12070 
23 64
951 28969 48752 70685 73501 61053 31409 86343 84897 97631 99984 8573 87167 67659 49070 94154 37288 29593 22117 21594 59870 41086 35958 94242 66373 54441 21048 24395 70588 74664 89449 67603 4453 60763 4577 95864 33873 68047 37385 69451 67980 47282 61233 97883 83499 88465 81301 86006 61439 77493 94553 21754 77013 65873 91954 28343 51786 85585 58709 32775 519 66422 18328 70233 
24 126
60055 42597 73386 79726 45099 39804 19077 63612 49410 96610 40926 48832 1371 74021 47020 57124 11756 24577 50704 70672 54462 90473 37408 10675 37013 41903 77713 50000 74450 78069 55 31423 80884 25572 74120 57711 76947 92774 5424 84247 93540 66994 67760 51846 55370 98621 99167 73677 23351 1989 66589 62002 16332 37847 55365 42178 14452 76322 91530 16169 54573 18807 49372 41824 63839 23374 92650 63047 92893 52920 24215 4312 36766 36484 41655 98809 52820 49673 31222 60395 91223 34168 87114 35385 14938 95486 5381 92880 71594 30426 92104 16735 1721 74106 77008 10247 10211 48531 35663 70575 1330 88298 45283 35895 18389 53962 5618 28723 10674 24613 70046 42187 61671 36970 22387 8042 46227 54378 82830 42839 63098 78930 97539 19209 12863 56958 
25 53
80807 72033 98126 43154 21591 32756 40761 53112 69687 37922 9779 52125 73009 53577 18873 10086 99301 58600 39117 79698 51103 6876 35512 31776 35666 86170 46184 79270 77209 56985 14133 25649 18131 14883 89805 11152 30999 12361 6224 23555 37476 32086 79367 3638 24838 28030 36750 52508 85916 76025 90134 96096 53684 
26 46
13965 20852 97005 52091 30091 44325 8830 87801 98691 61911 65221 27258 81498 47596 98231 72167 38090 78527 54188 54294 67545 8451 38378 44356 3047 98346 86148 89905 70620 9403 81743 29373 61631 13623 51775 43472 63094 32048 74128 89751 94802 32925 25553 92495 14956 51765 
27 74
78359 48763 83048 34966 51399 37160 20007 89552 86971 89381 2555 57382 68106 71938 22560 81238 77018 74883 64446 48497 3718 97644 37604 10815 64910 14085 57639 78461 26179 24996 75324 7165 66081 22303 93798 52942 46406 30210 39437 52726 73487 53221 49274 59761 72956 52041 11725 71599 65100 81064 2064 85359 87121 1189 56532 29867 82268 55397 13216 92227 35985 39308 87133 99898 30727 6427 28511 28287 96048 65677 1477 54093 31740 4765 
28 72
30626 62463 49116 95732 77704 80775 25155 54733 45771 92892 44690 54555 71311 18683 60446 89040 28357 69445 2409 79080 72902 40946 67651 69992 24244 69324 4223 35580 36252 25539 23815 74726 94399 62747 9616 29042 66341 9123 39462 32395 77141 64616 77382 40412 74994 85001 14444 21624 67274 7188 31913 71288 32165 61889 84953 8276 11696 25178 80226 59065 62436 15419 14027 68409 60389 37942 96265 55914 67645 56822 36341 87121 
29 27
11982 99180 57862 22461 26833 92870 74460 84627 30620 70135 52782 86251 93519 34092 71396 4515 15523 74089 53953 39188 18268 27719 98573 48812 97412 81131 86821 
30 24
45884 10051 11468 91906 60050 63845 32300 20549 1419 77712 44616 58306 99032 48250 83852 60625 31834 23440 54921 35530 2836 41296 26090 30119 
31 36
35343 61237 54174 45106 98496 26400 33008 33381 6819 63499 66865 60629 76004 18863 96263 90116 45582 12027 65967 8279 66133 49181 51736 17427 58127 9338 25149 99349 86881 98443 83268 98493 1673 57379 81649 99194 
32 30
52102 15095 1485 51795 72452 24130 25900 28638 24047 92984 86473 39543 98532 54186 11771 78556 56719 88279 10661 92837 13769 72183 58363 10024 74837 40315 88542 32000 4383 83645 
33 26
29199 79641 46263 51954 96695 56507 36627 2557 24854 40472 24441 23012 63685 24606 88359 7527 51277 9570 69840 48790 24455 8770 33311 1006 38975 94341 
34 9
55989 95505 91935 12441 62097 29297 69055 46010 56358 
